261393
404991
146287
370670
423470
402595
175791
953352
832589
313873
458314
905878
784487
993175
229643
339096
634151
129417
329632
897134
185661
405834
899504
799416
897318
738640
741815
685195
898959
192812
159351
597208
757703
410486
618586
793953
230036
697472
683567
524615
160460
908632
915745
953972
522115
962601
726348
459739
359445
601065
367624
620756
346238
589322
997492
580200
724101
843719
889698
913957
306764
101442
257054
252623
134573
503541
265671
610878
864516
839845
182677
229650
907743
858516
713178
193720
290454
478115
244579
986076
814277
215926
990377
969444
783885
950341
895220
233166
388647
259753
196687
691804
344309
811934
667496
552840
962534
128922
818157
469591
205066
687079
710842
372789
642731
434901
487215
572373
694824
315906
715425
380744
414443
178603
747943
320226
800682
967193
648834
262647
783671
935665
826892
118574
450424
830274
904050
479845
103793
894512
879192
763032
870000
224649
788072
135010
768435
218994
861194
954762
490478
899437
945742
133332
131893
512512
355105
745939
187015
961595
821201
474891
727451
188605
941088
916829
267591
837248
777437
851356
851790
906453
182752
287449
944511
607992
698084
302728
973160
220415
544833
950801
970007
439229
393538
128291
471808
423566
734552
519417
885713
846888
516070
906160
715284
353586
148716
991560
355764
224631
313372
745852
572730
803708
124534
169461
840540
473305
479120
690258
999254
205821
502367
121385
347238
665100
132303
404943
418365
712221
396646
592463
552433
183337
973875
455936
894635
737375
956350
108630
536695
110951
673666
824898
509597
857401
186351
733834
312823
327135
818665
641391
783899
159510
974167
198451
282729
279512
398540
705264
315086
668605
633094
898044
261371
132583
164114
804867
574245
142933
351408
493988
108710
906939
879225
650389
152246
873791
705501
205594
416887
816825
785441
201390
467193
419983
289601
133436
160220
805286
574586
519067
567796
989588
247924
779186
523636
915244
643851
790132
803702
890795
601541
425948
583460
463333
827736
860610
368523
890621
374867
903514
409577
924771
496922
706015
696390
839284
387571
144688
836247
708510
164371
308836
206134
530800
348197
318159
325160
210427
976459
671939
670095
214011
600077
756341
182490
230591
503709
861303
656868
874343
756505
827699
767333
350979
388250
931123
957772
821220
589873
810557
547507
306331
955470
269293
786264
238380
715890
681551
137874
551869
786661
396058
364256
866912
625847
790311
199088
345600
107532
374968
736969
718170
597269
579207
549331
754440
642204
527241
342653
613879
192349
758315
766946
557133
821423
722293
243155
201203
469063
202983
971864
760500
671797
835634
740941
212031
769620
819101
389556
403227
914193
639607
856974
176555
632094
767882
557982
414986
348594
211690
954649
210012
389288
111933
627554
409331
394486
913499
268181
888411
661105
277537
692222
838998
901909
914209
249790
666736
156926
855213
619896
784645
216046
178198
494539
349546
662142
508815
404835
463075
244585
925545
941926
354718
329561
393765
870880
554954
454518
740724
923707
249872
345108
868527
626856
698499
764206
735866
575726
431274
704046
561132
962001
173930
772768
894641
666225
555908
679466
864203
551981
311767
268051
898083
150050
991336
505341
206617
514597
938894
678989
318662
526445
131353
744516
479199
494276
831468
771810
594271
845394
310098
812881
488027
398565
215260
696889
488270
807030
462561
968636
664787
750341
969114
136748
838873
732126
937689
470376
758551
729851
749580
671374
693238
106186
811671
100619
161872
244749
802415
114771
120312
902760
436803
277803
844383
205213
981803
723353
776517
679844
911420
432548
341313
868641
183321
273334
854084
997548
242778
162130
650330
987660
693292
468548
428258
304602
395934
207691
643368
451507
434499
909496
580495
957709
222433
495829
327034
782620
254199
302581
830301
867517
143246
497979
703326
723604
396713
510430
676146
784521
591886
929360
712867
941273
150862
604760
747556
489139
464176
100461
473789
354618
711204
438901
400672
195132
770562
978835
153886
161287
523196
995835
400093
614799
690452
730748
524096
527144
949874
658988
563674
716714
176931
456653
710654
932292
320564
803927
280184
378104
188059
878687
466089
713507
107745
769126
412002
124637
108564
634534
408422
819747
797766
310848
799175
911127
328315
855640
556704
911972
988453
352487
191654
675769
791102
478297
386616
496178
810873
751233
701861
703342
873256
775044
389287
677827
182367
241330
843236
584379
587761
578386
849628
798570
721579
367208
114613
487838
490997
908543
696994
522651
547278
886130
223526
797104
340461
114271
550721
228284
516386
591695
688693
305394
262560
104908
667881
542880
303332
197763
464426
539683
757244
271902
793247
472307
858841
754072
264892
216956
773322
354729
990214
464507
995226
224110
532642
364996
259683
888066
125083
403696
292871
943993
945036
940007
501902
493246
617939
351843
163207
292017
859397
862591
420062
787264
760083
460161
285905
182013
652461
883608
878826
106304
121738
316237
907953
973969
996915
455083
395701
351771
982328
554225
605085
856714
422809
924954
956259
800253
973766
176280
916266
628601
795397
370341
456230
525329
871629
861690
753628
390131
172290
325895
557382
100145
769060
428443
346924
634253
552428
298247
199058
276590
796623
230169
191678
301773
696205
954341
614134
674976
471634
407706
523761
263893
542245
975789
986277
733913
439978
380730
597333
453119
314941
172004
521866
975961
583176
616499
788181
371690
610073
367040
643518
438835
732362
309875
669281
919459
896134
244695
806545
175433
189705
512204
201288
766199
717375
291756
926540
774548
372687
741037
105006
254007
537136
664592
578360
110995
644352
201667
893868
311620
760235
399955
410098
423310
136863
238583
287816
321467
619256
843534
616256
219587
737142
121635
546651
761822
384288
420350
204641
874887
433367
488296
833434
913636
135418
162243
939848
269729
916934
672855
894255
599104
857816
282486
912148
623744
243901
851031
282562
934190
683778
118909
506269
318547
578446
384991
875092
324154
656269
783481
963894
219035
956764
572032
312680
797781
646851
427062
764252
318609
421894
300204
871701
293311
536204
927780
647231
159487
337211
770545
139794
878119
891200
461938
173792
967914
873331
396626
567739
363509
119676
265002
977705
930984
435083
381436
501969
896859
740966
608927
678268
139196
991920
465606
338317
225060
537299
492208
799584
313956
646811
675837
792894
696916
750496
675073
545202
306121
966470
254434
309476
956256
424628
949302
371298
548534
789207
717186
901902
886565
830889
385393
580920
384075
168205
449031
150683
985217
247995
695090
252847
259440
548060
111468
937705
151138
203608
421009
324173
483162
885912
479384
867898
345055
681019
696277
518102
624859
334143
260659
924950
603578
723854
535956
151356
446913
629354
877617
712254
220662
337682
251997
256848
433838
992663
358923
411678
409534
912556
709992
963041
914329
785303
153773
632265
674782
296877
529087
818067
480036
170518
319312
315166
741941
874095
422894
493188
886022
219533
309899
216458
692050
476478
969351
336948
831569
375982
622521
908134
216750
895390
842948
818626
231045
396643
452402
451934
413922
881712
446043
632283
396215
441860
763092
175077
595213
811653
987526
122564
603309
489303
699349
907761
116430
692524
236084
438173
948431
562798
523524
133632
825663
651798
721177
814842
159996
953435
843465
955091
791957
511504
741160
954686
163035
484855
873414
130633
145113
451190
330519
761889
967485
649969
456272
192295
151577
979177
170062
812848
621673
713592
866062
942073
450233
281416
795971
253083
622703
416391
561994
386469
169682
763184
254618
165652
168778
403520
961942
793355
227602
434273
123895
319833
296238
537049
679277
257994
221109
968036
691044
682662
335934
770081
204980
937150
559440
453907
709432
293921
120384
895306
825174
408584
116762
582710
432074
606739
604298
433543
344356
319489
908701
811269
390993
669876
997356
929296
324296
889438
607488
974490
992181
282699
513811
469388
358729
233561
633671
119878
383054
351216
830404
194063
812806
699034
277357
625921
454139
291121
325472
202239
592712
103425
355804
283271
203914
106554
871504
713625
896597
343664
687867
157444
909085
916805
742685
196138
716121
291284
681407
537833
581166
401786
514221
413918
908564
430471
995942
682222
542874
629787
680074
357805
525962
695218
830196
172388
118807
722520
843749
293510
126056
890781
368029
560087
647788
602566
823319
402390
306829
358263
316314
588112
763293
548920
653789
739698
153635
344061
124115
453330
592552
582083
465740
865990
946824
549361
605513
811767
679553
447919
381261
239780
751375
274820
453411
610411
117823
397989
128727
714128
559989
328722
278682
848609
433657
112168
211037
227411
495017
255989
718705
450029
590146
230156
233617
794514
429350
926228
456793
835220
807805
878021
563724
373311
709317
883120
326806
837863
782017
125886
619131
514939
712691
538449
143774
214308
992285
239146
542755
926079
916831
521984
805594
269740
689802
336334
408745
995076
574302
357840
287056
529715
345481
792189
844097
688712
637623
503996
653904
767837
985715
474312
520254
185960
288069
855897
904101
260997
278399
295618
553907
785002
218787
752166
458100
156544
916117
404465
465567
645091
427893
393141
775366
858176
304854
436756
963652
408854
637002
150960
706986
830859
314292
327828
427174
679809
642778
406412
422312
176677
264554
662948
378969
336297
938104
823736
983551
708836
934178
401526
757465
576347
786126
885363
836829
109531
391212
570095
274117
114569
611318
173625
594632
341197
529525
555866
589565
247271
309109
978521
760919
116688
483384
314744
977434
534356
139782
554651
993290
507130
670892
677325
228346
796759
508697
622076
338933
343097
367649
525560
449927
924040
459321
689472
524541
465953
685872
991181
587876
396024
453945
973809
676247
750549
538072
623300
378195
190964
754894
114600
967432
115193
818445
136679
198780
960574
433582
921300
472025
702985
323940
690033
860924
380166
234440
293169
347112
609456
250471
164849
786337
970484
713733
302008
192997
795986
820305
718771
522497
260612
396862
143874
929027
844048
160610
400091
411308
594816
600534
124067
983026
345765
892474
692717
310165
982007
149124
884682
949170
981018
417622
586902
474629
761929
275257
620010
330672
964259
579577
238722
444570
188216
322056
252618
348997
904514
660707
353480
411812
679288
503234
550124
120273
462447
905618
246523
877730
188489
721038
762483
377757
366983
906274
473793
425822
846920
138891
440144
546923
615348
429631
634017
842269
673912
836829
879529
286457
161862
481801
170683
319829
931092
294079
512240
380865
937164
891931
473109
262693
289772
375095
754455
963962
685854
209924
512920
447302
252887
663145
775777
128805
396285
243570
614074
158501
322166
281999
618475
223612
228274
637620
346086
905728
789373
231149
949830
784973
127798
687436
403117
109235
191635
314788
946391
475990
300956
728266
865198
164206
121810
834190
610070
200188
810021
209194
680528
332183
404546
467156
422730
933636
922329
290408
251152
404163
294754
453431
880693
244779
563604
730788
619521
946744
913604
571315
911750
981996
221649
168071
527375
250067
548545
167992
713410
431577
449986
221623
806746
123355
112500
932346
510151
987237
864848
464337
734069
276205
411038
695144
856017
684278
315949
491352
216506
510659
420152
234616
658995
874343
392067
342774
335475
577296
552276
423890
152779
428680
137219
749994
676728
318881
645261
813273
349960
910630
724054
703184
431140
930147
141568
256503
802570
429735
771203
109820
636256
720542
210465
335829
364792
108708
183532
829197
152168
272037
824393
605878
435353
132493
509102
407385
697749
718638
650599
864173
676716
201102
954490
416271
831080
403667
796106
204466
896264
390895
123649
648361
279296
513187
867998
334795
308608
876568
581100
922546
686079
436808
189015
479843
736774
851630
185518
922767
933653
857185
238945
377185
199183
981771
203341
843273
821127
163834
443856
701909
650831
243626
454935
589252
378228
508576
295843
206650
293844
576894
489517
519173
533421
982132
386367
539134
293872
760360
248809
212558
555072
380138
812331
692212
233038
317617
869175
488052
785607
668510
172742
928300
569640
644415
673144
866993
535515
168858
624141
306265
301631
325273
461289
962875
515745
994190
757862
158385
654484
914179
149013
601762
980553
354087
433280
507738
926569
458002
133911
528020
981144
185898
851284
594110
568292
951344
529173
278550
223970
995081
304318
589126
345196
100370
477439
213568
479493
867821
445162
974511
843505
625812
370542
352295
400235
514581
765331
940088
437229
468523
400766
463504
951273
283743
780640
147793
520650
552598
353859
181087
462422
243725
401431
811074
324196
175278
581706
527154
970404
332041
607765
712633
128926
405066
218717
407935
344947
522652
832040
498808
530540
219049
439522
452319
794811
595417
521002
698191
137007
871733
545654
584044
314666
828823
724699
116812
682971
662650
263652
885767
511703
441420
520773
282707
378497
114863
175367
271257
109033
103697
553411
753356
273434
493219
946621
296638
596514
560091
934015
525204
275681
335523
253046
280993
390473
249589
112439
459756
622848
542809
142302
710388
661444
971951
875061
149048
368778
642330
873038
356023
624383
778076
558416
616334
971994
273879
224461
769184
400331
105229
284775
235760
167434
564663
777507
808670
345713
280466
568170
983348
597832
891814
719103
544913
113254
124417
723750
694976
573516
233308
731275
153718
760752
884165
946594
743062
622585
679692
602340
938375
354446
593624
356252
282069
516983
595267
794494
837880
535056
865967
458553
267223
335554
573750
167612
244308
137343
726728
129331
518222
588942
154979
524486
597490
777814
709520
323275
881198
535698
785808
845140
442525
809103
156069
943219
410333
155182
449681
151834
905307
669349
815165
677333
982784
364560
389148
690176
805232
539010
672406
190259
216812
148637
462000
129878
345952
335105
968963
496828
777624
655586
150433
940907
861395
163503
170775
886066
329892
135223
338310
189511
456693
123530
382932
100499
469418
700882
719178
594922
397962
682884
586288
879429
346241
659639
463449
128556
587986
603001
364920
464273
191840
772693
699173
361754
526918
661970
318299
438330
891373
855248
161233
770544
148922
155714
929748
812569
233954
157477
841194
838184
962352
226341
616371
453302
802000
481693
686477
145433
688322
291463
870616
496600
399398
269699
952880
924265
832646
527349
518660
432031
164138
988965
114539
976002
565698
623098
944063
136991
541846
372564
710663
612008
710932
672065
440213
249998
763204
752662
561299
868094
712081
498667
237703
258732
755309
631367
916497
542866
957518
831333
660702
679957
655487
291931
644692
466064
966683
634467
351470
451999
718130
649614
646612
926130
646066
306184
103483
440478
658133
224999
108870
525374
923554
984645
758513
817902
743474
648665
983168
559991
982348
110243
939233
682213
361693
390554
600690
956134
252305
867074
698910
981207
911811
763515
821333
800818
564875
214809
112077
346203
335347
835454
246274
779104
724789
984267
397403
967619
666716
717360
809968
779051
650731
570685
983980
865671
705908
873798
564043
932398
759385
997694
746374
999943
819306
653378
189161
972114
614923
688594
831321
468059
164867
859137
713791
418575
845362
862087
957651
250020
879320
467763
920535
844415
377317
372382
910191
418229
758073
204457
986832
269000
787751
444839
124543
674704
860818
870384
207270
256924
723886
111421
978350
632096
326443
399188
343464
261123
936089
985148
227875
367719
554748
836000
379419
749695
199653
249001
757061
697479
483773
694311
112991
973989
738615
124360
219335
295658
346653
986419
280015
225756
892775
165808
238153
674706
113683
333943
813565
165423
605227
401761
935074
211725
683214
708437
695566
836095
117803
474507
175686
557516
641061
551154
433543
368055
854701
597793
826441
686991
928221
471519
418970
450939
752721
381873
564736
106310
707652
103496
765091
892811
498600
648911
369441
479353
541943
321456
138888
521276
100738
516472
569511
859300
726388
486647
313415
828208
505524
117079
210620
579189
579914
480892
320639
862764
290289
436627
895847
713980
585706
301082
147071
940000
349111
203933
674377
817645
709684
148077
616580
155058
105578
429198
160460
895765
351908
350514
653270
523849
524594
959344
587768
858979
407226
584913
315016
998440
693542
818859
567471
769078
284619
591280
652744
636513
810998
872131
471644
544559
413343
942553
275947
800641
600681
610238
273308
270673
949232
643283
375454
657944
741915
625210
742331
850684
755395
728950
276960
949903
679483
545916
340121
470637
500164
608181
612970
721070
426983
162336
852470
397168
606664
864543
542014
355947
599935
250309
414651
728223
505030
264242
281382
901459
270296
728691
898650
970151
381824
137617
939682
162407
173314
124189
146241
883788
650829
498875
296188
888631
573184
608875
872308
270869
439189
757747
917856
738736
753509
559032
736439
137024
694617
654813
985478
602749
730215
623944
352901
901165
211267
260565
972202
197962
267870
572749
907084
480616
573217
992523
560672
931535
155253
821702
913621
154266
803788
118620
991755
171399
167169
534993
599039
472733
697792
995667
208277
971204
101190
363810
640086
193805
308536
724046
330511
490695
530746
827259
609077
415876
687419
758268
309034
617562
592476
867725
911668
429221
412226
212522
730517
850827
565004
744447
324933
195555
421806
279321
832602
158850
982866
116055
886483
909811
862640
935989
291842
519170
648974
948166
375588
498159
299655
936146
178294
849534
693203
226766
177989
808075
748003
578207
898559
308539
993496
631452
587919
289738
283808
982257
321855
135628
848241
556911
380920
693798
509649
360401
595229
658721
264456
212908
666757
480530
912641
704394
458135
394461
733458
939736
314158
896895
490864
698856
866787
692450
166661
253420
467347
308467
365697
390002
508140
702309
280387
914308
892658
280710
101610
845890
512753
698636
695840
519939
481908
717727
333807
885283
118201
337428
341111
915846
936796
283095
761623
478564
678371
321079
323539
823649
870690
555661
885512
568503
119022
701485
310464
941567
521297
205337
952279
274561
418548
928812
781953
979639
628859
380793
345257
538908
936514
269844
339491
201740
606266
391371
140406
399710
129740
597791
435490
924265
886114
292996
805057
104267
132845
597271
395462
641813
255060
649072
562056
274813
194627
112470
806386
248212
373213
415852
773288
314170
751932
974323
128941
140718
679137
959492
955540
179078
463387
160872
780145
849667
882327
624548
212111
761846
856760
906168
640789
753441
832526
302342
104834
459298
391994
392568
636832
755301
661362
724971
870843
727558
884122
967373
433461
496838
998164
279964
202422
996464
679682
190582
717159
444335
957760
194116
212238
862194
398521
669752
787700
649123
236382
431408
555541
382175
879016
916028
358394
178088
577422
455057
942723
444212
517701
966390
824202
547908
905587
771660
665774
960676
937261
557889
964719
742389
415661
616247
736137
688354
633876
829744
106630
808974
954952
225033
191429
113760
378052
146808
388306
115952
177821
858794
332376
602972
260568
715134
648551
294761
641109
986075
593038
707615
136330
997862
913511
280333
531721
562500
524686
169711
971635
954687
974229
888496
766503
132134
550489
900677
361851
834305
969981
398519
444636
990482
181461
615175
633615
637202
959068
449639
483507
264697
715564
308343
189356
372808
433963
299109
144998
229989
361676
475302
972551
329195
443008
588863
370771
697693
144867
894020
219016
323055
554069
267076
315889
283901
374157
935580
391924
925455
281014
322734
513212
948326
299780
290977
348025
626565
851107
609090
897982
334297
475047
846990
963441
177046
571512
841978
113279
336479
450101
680634
348614
385452
608669
224545
713606
319517
269289
229216
745231
713285
129071
137243
947268
498538
938685
109618
554520
499150
725106
469272
251669
689991
697153
820699
917226
741778
621280
969045
547095
516172
614114
587772
368513
700002
362292
749525
352036
628047
702094
256914
652101
532994
691895
473097
159363
204065
787216
802947
307032
502544
506573
858208
662756
922541
106488
360861
930416
138141
357073
632807
698921
901024
556183
607847
570506
464315
756147
493358
693379
677713
714005
965517
538024
659125
264828
502891
750210
144406
557266
961196
647776
700768
456278
775747
162907
458674
148686
829567
918094
941886
662520
161596
529767
563129
388024
508637
876916
236284
798978
401907
917003
790560
973010
757724
271339
302118
484867
958766
712305
811795
971405
393552
716911
141716
212997
475578
748860
835421
976429
225108
611465
631577
387446
373881
792479
855193
630102
676406
109967
159876
616623
647956
858452
915209
765787
216271
640833
417825
624895
736945
219782
731085
998916
890982
667398
354104
862642
921931
342352
769420
626220
404703
707515
732487
922727
825852
383117
788060
638100
141488
222427
151179
967755
198381
425826
534492
292498
894591
296653
765677
178326
970346
832307
242710
474787
936984
176593
265218
150872
902402
753801
500171
909060
196371
631836
690485
493330
175886
274607
418191
692739
822290
751089
992987
967894
395949
445812
398191
285528
555724
117870
191036
214216
704053
338161
366470
892675
933654
749527
334636
253196
246905
366050
598134
235292
711125
867555
805262
977408
914858
301065
894790
443354
506547
264554
113329
749285
605860
860041
404888
752888
139738
839160
583840
322575
407051
994106
521390
215673
443520
319211
595110
420735
182377
353257
538746
719003
397116
915703
607057
792031
237339
277710
557369
986986
665288
977502
648098
650498
562838
110393
284909
435881
607669
598055
395872
684463
773416
403056
911169
942628
735073
619403
717115
302612
818674
363575
690854
461827
612136
828823
974668
592819
114591
940631
485240
605916
208978
976802
860387
181367
499560
904940
100713
110298
822104
602561
810252
247987
117236
323412
672322
184582
160033
409644
179090
728350
807187
284119
245743
524820
320429
604425
895786
890631
852757
312244
360466
431990
671254
557885
458211
906810
330184
455733
828523
543541
269320
905893
832739
914133
865438
726978
222418
241821
527764
973873
784716
104366
698805
721245
998307
571352
681626
704856
671673
343649
417004
103880
885464
265712
500842
974441
930264
408784
293560
382030
138045
673051
630747
444180
353344
464132
617966
991281
870467
132565
809448
538800
405547
854736
114116
909041
264844
103269
948007
130463
236665
913631
565557
358883
224053
242742
391312
816137
738694
201315
652965
599791
796019
660708
326288
279229
376038
496097
233673
881961
769739
914581
909349
758148
449977
586966
749915
736915
417121
436604
748066
721260
971582
745176
285210
209307
375944
906248
450282
471662
466706
479965
848195
400320
439134
493645
162533
537421
783539
668844
579814
563446
330841
978274
761609
373871
392938
958757
875849
549514
158350
761893
991379
370923
550619
497384
311928
916316
421353
652688
708613
628862
451044
237531
288965
701357
876604
153754
110395
140548
957610
930110
725670
386460
173011
581918
683910
973046
921510
539720
731834
788408
130060
307644
257277
438091
576507
691146
329883
803974
450570
623287
159396
448179
378362
536605
379863
603266
881076
381780
727506
657732
761685
702405
196194
340667
509006
394698
219423
565037
157511
916657
536952
412426
836919
590589
678707
753436
757590
607503
881349
235260
154286
110909
589752
754736
479929
425603
769043
342980
676869
683264
258950
119541
591182
434843
115218
180392
781830
976449
871271
341519
289761
120709
225216
369775
936101
238199
678723
383838
701344
751027
304362
889596
865665
414049
102832
502465
770832
424256
364903
348278
710231
167565
874314
290481
151076
632841
219728
736046
321998
642163
286810
904238
890616
860575
293295
455665
881115
360759
718449
909658
769558
344120
787919
942832
426625
221347
166281
698626
375229
658370
575989
321627
798524
912235
404704
951745
868097
461607
856421
816654
692348
819625
229419
170362
351071
383694
749040
825144
961211
715804
790047
450083
595894
451824
552072
475422
848542
853708
234107
849927
310655
202181
679139
390245
373322
862164
741858
729358
286217
826821
266786
119872
298001
205370
767747
207932
743661
784271
660050
523676
766107
683511
686592
512293
401989
876915
871748
439968
682855
799911
738245
480662
976330
388414
900963
805037
429419
633237
115556
924147
300414
970143
416113
327719
112451
652519
614515
999598
392769
682350
464512
383072
403923
147394
352798
620133
116970
166107
854071
326201
582089
277869
737165
792059
239241
855476
329054
271737
230721
194189
199742
403327
557007
355930
889940
871981
907041
793361
391861
675473
208551
394409
936305
427573
163196
294927
181723
855423
177425
236854
706440
965561
500948
238160
957645
253796
906467
963656
867046
891729
927759
657371
292870
322888
649681
651708
340907
183264
192993
355576
121036
549276
667720
365949
971690
341205
504375
151096
290428
831616
994662
241945
388147
311413
759573
139715
245019
733779
586170
405809
196685
706786
495114
940282
447253
505442
109301
727502
349727
440827
275717
864356
710163
455179
255778
605793
161056
435238
499057
139847
993508
604931
545794
730774
929868
626583
157160
154070
443326
887279
218729
701369
127502
732841
780611
138151
303130
191358
535020
466791
448490
508468
793932
829402
847715
728859
892189
667189
613639
949319
954707
525409
688424
484718
480020
500632
678600
721473
920795
816820
995529
584419
794236
106444
872282
327907
248328
116599
622530
796232
841164
314558
176539
981013
745334
755220
288372
364683
787221
190161
871046
465759
298487
483081
622563
872972
298104
446652
544131
732542
188380
345735
379923
182468
687995
543721
725013
192745
818436
757914
936877
543178
617000
876031
373434
343401
330224
938187
272227
727802
125844
135273
415914
421101
666420
350571
346345
144337
111588
988531
297425
979633
959121
447470
358079
422316
327881
169614
180407
564490
849917
773765
976025
232543
342112
875345
651424
727709
472520
642460
233743
563291
139894
579824
662240
923344
147996
926258
219540
588950
508710
936433
783716
117683
724170
534371
846069
243801
779630
876819
918840
707329
782643
315189
119929
496150
615581
188838
676898
985037
279369
249758
480320
102888
403391
925892
497524
423213
722438
586903
677827
167145
739241
581039
141749
864939
217495
962719
267329
200451
106934
578032
756965
371409
954093
923134
362790
597434
716766
950566
520055
588685
847760
862680
721918
649189
193284
547624
177220
684609
229458
894132
800692
679665
377070
264448
116149
448162
730382
333228
109465
109978
481256
133369
671773
599056
913636
908321
706696
134538
771255
772214
304649
597023
322617
841679
987314
729021
824975
926908
220877
658109
647360
441341
916668
765385
481166
348483
873903
572068
198100
308931
273230
764529
662097
575213
742382
489537
197515
532328
624794
524407
142445
264392
620491
788194
205469
126950
562007
735224
347440
151114
479497
188445
257380
827332
100185
112526
232764
911447
773226
301511
475527
523873
670606
276620
749044
351373
853511
994930
499168
633471
906362
811813
914969
789922
304068
844606
484481
109312
375536
962956
321945
369384
820762
399090
978988
844417
941749
949703
729251
785029
613129
444237
754845
181131
979214
615931
392059
996279
132346
788051
800552
344716
618448
953142
394127
848548
254656
590796
452779
159441
468401
665935
770230
898319
877572
937162
707014
962867
257489
226287
665341
278995
912981
260671
262647
490938
298391
578617
138709
204723
643165
739073
431856
126339
781694
358115
956154
567850
977520
618643
489354
809133
879123
953572
671352
219764
738999
475466
429656
894734
605777
987358
356704
764901
261091
278250
190518
910453
378123
555157
541101
318864
494962
384692
515862
712993
269271
537739
232789
778216
355946
788089
978954
900195
291916
775695
375047
456469
902182
918732
353768
948610
717685
831897
600895
655797
795910
699630
260924
152678
282726
975806
376179
166872
959822
662935
339339
505789
549196
617894
484925
852582
347761
432733
576471
531572
403700
356847
472823
144865
482993
242544
872390
694494
799090
230777
759678
938849
368797
322847
928480
309705
315046
419579
550044
205571
957884
312669
978644
956321
340518
384839
220971
496974
377170
518218
281257
690393
989238
126638
220115
805506
917163
333641
242917
281080
106274
909676
764397
818015
164081
753882
833131
488836
586221
775734
591698
712793
593242
759839
613143
591447
518282
561838
357218
817305
513024
358881
120343
995876
113446
269777
778297
374942
895002
760859
491523
725251
426659
478010
270886
301783
830592
764486
221152
917553
168166
657041
584687
201195
491106
133020
966525
728116
521075
908032
571334
670412
543491
523338
343790
818621
469819
962767
379727
673991
609605
941802
565661
240491
231465
970297
298878
390317
328155
394201
856834
590035
870813
580005
401341
291922
390724
303881
412263
222614
231875
795900
148606
508156
178641
736682
394649
806288
704290
655895
255540
611876
314795
805438
601297
997200
122138
930110
565071
608006
217245
843821
875267
258779
329796
897592
915566
650527
532782
862763
902597
123333
159275
889692
483014
369646
501253
289116
140297
177507
815739
345388
395697
284677
865420
952218
528172
642068
784845
817620
589936
514983
274689
540010
861063
919456
979381
644668
819185
625156
911547
775180
982517
619369
654257
663010
163198
526373
377550
458668
783458
863111
749778
486317
878187
996662
312012
288918
259979
992198
958140
828971
641775
854216
700224
395262
773931
249443
883370
250619
364027
953104
464263
967997
284855
167184
810836
442497
585101
467721
645283
111752
509124
908641
320584
839184
192823
967128
470301
473201
208867
109784
782686
957153
159323
889440
309707
240433
262499
577450
595482
634592
706657
153973
690716
157230
215886
905960
460891
306899
325530
461099
424597
819647
820381
177708
543157
901921
753937
554496
196125
152760
979841
939258
853299
635035
680435
413181
853937
232123
471208
764100
553819
608572
743651
937847
352142
899416
518367
169016
513624
506734
721361
773362
520026
845055
468150
248374
792178
806403
667892
601108
408428
491507
192690
728298
517435
912044
505559
321587
373946
653841
312692
105296
922546
633496
341717
407082
944620
720742
956759
724285
688597
318484
305478
665078
641435
608569
975633
564014
516623
823288
288264
584605
961430
965233
541808
836681
779430
728901
635466
456960
115777
593692
846754
127291
760393
935606
361991
301642
910441
993083
851901
726955
136367
226701
164796
286108
291175
676853
756511
201138
848646
879103
107754
713629
212422
519375
837922
389188
853774
102200
830137
517928
508327
617335
798974
402603
213343
340359
922338
621150
676419
832656
770821
645102
851389
757885
204816
755082
760485
918581
518282
788311
927797
861183
107785
368834
173491
929135
603300
319045
726720
219567
214944
276903
836777
211687
362602
244287
866206
568579
561491
292319
343476
146311
522675
854935
380630
202398
889292
484916
389671
654960
609526
466702
667768
230499
644045
679889
514919
675556
446562
754207
701294
750885
115065
713072
720072
718987
744475
873044
477277
873065
353407
407754
756790
551104
735195
745901
417195
686212
767041
302841
423394
942277
250603
588650
656841
866219
673676
630243
503074
413378
546357
734727
532624
856947
771679
389955
339800
838988
821033
199894
279194
757605
104595
574430
649556
637475
213716
398766
400234
737298
961558
406843
517887
996234
380081
832761
951271
128874
139771
808554
131595
547835
883814
978004
424479
850493
800488
642311
657136
369013
762657
274512
444202
927873
586555
545049
420716
671720
315216
811603
777996
758548
972434
909751
852755
193164
560684
424930
306979
947696
548506
581625
139069
564267
394257
483030
617493
559505
805060
812746
742118
336535
976400
907635
909354
967115
576287
338954
415479
645975
627189
926663
781337
669288
537849
702200
523809
618836
636503
518349
918338
313997
885551
977270
551717
513751
696982
819219
371354
180338
351241
496323
254985
794667
404062
816837
402207
349540
889771
353897
334949
262624
828802
385292
992299
519137
117188
327239
414712
791640
713952
700269
866403
661740
523958
280449
757084
756603
175337
215047
507916
974483
109468
604028
463297
812090
777093
551968
906752
388644
900513
753365
460970
605474
269220
896723
898382
459816
764761
723837
715092
145983
689470
191422
665897
542764
167053
764871
674859
130337
723415
241058
465281
675478
834111
258609
269883
329617
578496
844661
834700
200762
982608
592114
503869
273001
373237
365343
777539
194226
981569
718819
442078
473981
599966
831598
190358
842011
564036
894349
968039
971989
327596
843921
734554
709877
741662
250125
446132
362014
735929
380056
578149
679282
702599
613845
426678
826561
983243
523259
925273
959395
930605
516569
815618
140935
549289
477858
429655
251097
103299
154319
324035
823250
391734
529067
346303
326692
739989
626305
991898
217828
968129
179055
527826
160672
367334
544842
696990
781991
119729
695613
114984
731465
348949
938632
142706
698793
436244
500347
467689
982868
300702
281497
207743
948181
634792
329544
175848
666099
260807
570713
967570
156442
443504
900146
525735
556037
945709
267543
214153
974975
779154
346122
746259
551523
728149
770498
605786
900285
900481
729398
295585
340126
858642
421684
615259
623921
874405
711758
758238
162805
346396
231349
671192
625847
662129
418385
635851
919183
909549
303030
651112
222409
198816
369077
854907
639488
784733
224613
530616
649309
306470
245593
613605
306372
278665
608218
882655
372250
860483
782160
169352
351955
743385
448209
294683
642284
587148
644103
860182
696494
139531
753538
104680
920729
425606
900890
258744
175539
153534
229373
994495
298686
899875
367800
344921
213055
711342
531243
231465
308605
286498
630863
458194
997588
560208
205537
718506
441288
127530
584838
805934
494486
982178
586809
195847
666707
809614
346046
434526
214335
942957
364482
262424
676215
997309
213276
882885
110686
948738
544467
554514
403275
350362
412195
281466
619950
554315
963105
971925
286169
364690
297111
295077
461211
213252
652620
539706
993095
322213
495422
400362
662976
738889
666614
734884
930432
724072
273643
802553
814877
882517
417509
546414
291223
248242
696948
528605
106797
299542
672804
339662
957067
132435
205327
644341
570695
652474
534228
732962
845321
607201
570060
441306
621631
577516
183401
106503
634970
436974
870837
121686
320333
357184
195305
542740
341958
715789
273345
180325
599198
846787
901795
336831
495069
789718
275194
637386
718214
500151
535112
125730
304014
388806
157874
456318
482200
152562
603743
572994
229643
719297
444767
963693
492783
854779
232223
266880
792856
259138
621571
799870
862707
784720
747576
461626
833111
249134
552565
567767
948843
222650
717828
343457
728066
583540
114924
335226
209630
661708
887178
564053
400552
965024
420324
756114
341637
703030
187927
532524
886055
635816
917736
264090
416875
873448
620754
316842
399275
292276
589050
747062
789746
527128
887327
623021
975676
279064
153317
836736
115685
463582
750036
610280
443913
623504
997656
926177
936850
140052
606109
860627
248755
799886
758440
533801
896721
741185
181372
179912
589293
328804
396622
652297
497484
417935
866181
833888
509597
599839
236214
904622
368818
303593
376669
626331
536726
976976
699532
729354
248958
739276
699473
964044
726604
453866
232696
189183
744484
329205
291318
387433
149382
887656
757854
556529
523118
924947
785135
317053
477563
626526
276974
775765
571506
565991
557737
527080
674752
463107
169070
614218
480811
564456
453843
995297
269376
334344
812341
579794
754739
753220
429094
601604
581199
166556
224230
683691
633156
362504
767862
282549
846832
308641
418203
384385
967698
106841
908685
633388
777485
942991
276849
300104
260091
791812
468876
382352
422029
737779
308084
661150
351857
455893
292896
715913
181492
983515
267053
331466
203459
961523
863824
966780
990416
410713
971664
362766
198441
748093
620111
992890
286234
416502
382275
142133
491311
944242
996986
983620
401298
213134
624118
825148
942293
394199
904272
803119
177752
755891
601962
125241
881173
419581
852088
344120
271425
265173
858536
807689
760447
495473
291527
161590
458802
253048
702385
916312
598680
347849
895017
145679
336707
704216
515223
692063
941739
647814
684974
293988
517623
830181
856152
480536
768371
306014
386117
430587
764550
302868
964432
717888
168018
427398
546949
641542
821017
684084
999357
868337
650215
262578
957020
825719
530838
866644
590012
792402
300600
552543
228281
699544
539469
327087
421998
711174
145064
201130
988293
205643
844087
550363
266845
317581
883986
941146
208952
394121
250260
742840
241965
740490
680352
416995
790170
489368
849720
936131
727699
760815
220590
581718
333053
598190
270665
858006
948084
791647
385743
332023
307429
471003
788243
487650
609801
134853
110014
908587
829597
138669
468936
531781
226178
413962
568798
389006
802511
467170
767065
173724
541718
599732
799985
198635
676129
655857
674069
710896
882203
838837
872771
183259
969522
100157
797447
567028
694555
505909
959315
145591
759295
580177
840120
602773
527019
352399
142741
112728
666047
750406
929820
549829
664416
740180
376932
537474
188374
512214
485295
284899
681359
876128
260021
661529
285671
459948
262262
927317
389173
609966
135591
682968
975362
963352
351118
332006
362237
979690
130759
427005
699390
713773
789856
477066
850660
958708
995406
347230
425135
407173
871849
639268
932906
378156
892579
320624
754543
401606
638730
528173
654536
574730
335147
613032
925100
722041
783077
241468
509079
479771
607505
347343
490899
820144
616783
606243
126914
177594
313265
389164
570426
758943
232377
926870
686953
863496
917410
468535
453034
655358
369101
686695
879415
660029
192778
791560
843333
259254
506582
774618
172922
876680
362831
463272
950682
337454
739462
620744
352052
997876
801300
522434
627581
832729
825918
638194
856701
503473
368841
259043
315725
108771
290546
981824
915079
904454
126694
826110
612997
396126
878099
905232
900646
564757
928299
488403
507611
174966
135073
868953
733562
924269
214738
445380
226240
145945
757307
895634
512552
511623
246155
636189
982002
983310
289884
421271
387444
152805
939154
580255
985837
102569
110719
446211
315232
791114
275391
679112
597013
361275
722731
127973
411245
190939
270690
656579
462684
699870
130247
343620
726615
716828
691977
381073
744716
242166
860561
759970
660259
226227
289638
414600
636327
689827
314975
636099
490443
670635
841857
806877
805954
696142
926732
910167
959159
835303
504453
422139
765598
409174
340440
618309
749759
403743
822265
362315
150481
371032
601255
248619
574717
882668
224943
499358
595427
172233
493278
605628
389923
604128
903233
787357
631060
609811
303433
976727
712956
484578
758000
946708
514847
884766
144647
221405
393828
202214
313457
272599
245439
527376
352437
410659
597548
627365
306862
155170
857545
508487
971186
168464
372972
940483
672945
447550
710966
412532
657215
481746
839279
218039
428804
511484
584904
144109
111407
538374
663354
921680
922931
839371
980454
251111
642902
363277
830863
217996
321728
187838
215241
321278
663377
381851
815653
946179
173027
701662
406350
402986
589772
562680
672522
700572
824379
235559
791717
771912
277652
572627
404336
469127
357079
461060
773254
616338
379779
678085
356960
704408
200119
327738
881476
454636
364916
481692
437812
241278
637199
846363
502176
426430
917436
721730
847624
228966
859019
898690
543236
259576
664560
733997
959318
428902
559476
787341
178635
438547
179796
136890
787817
166698
295512
859480
285013
349138
735084
166035
410486
581866
961193
601943
553961
300200
972010
367225
337599
695370
330870
911381
431493
693961
301542
198245
743786
399573
257124
487466
762123
578698
991218
446224
737134
699994
278125
389428
833444
355599
998301
952962
447369
288493
979829
655793
895708
615719
197083
998755
431997
854022
196606
997260
996013
174538
140017
587639
768045
347231
202529
605804
684396
250472
139386
661833
216736
761415
682630
692022
908329
813202
508856
263912
152862
843016
216093
332518
521190
155661
404881
229115
845755
186669
649501
483771
612501
392639
163240
933008
133548
998013
968667
581956
169397
572571
274524
548928
862230
414003
985275
192880
171035
102134
708023
601411
772427
218746
726516
905566
374402
320240
267290
934025
303678
293575
383429
138147
807167
874238
133608
366363
423704
974024
197927
200640
453102
377646
878914
104821
490465
292919
198524
519478
379183
724419
859590
421694
432331
444250
347602
153741
174835
499667
660392
660122
806943
962353
551313
538417
376217
457691
979170
558542
677983
770700
237751
384486
104293
978732
431318
936936
426702
773524
294815
306297
724713
639447
499589
439881
553828
786664
206288
659868
977055
584396
736623
792518
890355
941890
717454
932634
138819
864379
729962
695005
671068
930156
832635
644081
311185
160123
591662
948839
863075
548813
127775
174929
744806
922473
894026
666246
853013
824199
124780
350246
389656
631305
619729
189652
653787
230940
265097
805260
649704
165087
669569
369450
447905
118788
433986
888650
831918
729210
209643
989675
541552
337207
918084
818543
393858
878666
643370
699685
258620
837463
596575
333494
763663
310406
243300
150028
234288
394146
608143
377047
753535
576176
926639
662325
468839
536067
831002
810079
578218
942480
996037
291146
920794
329747
810929
404030
522766
456288
962462
311937
400328
861176
345233
394419
755924
256515
651540
266264
473777
553250
976815
993260
963014
872885
963017
529838
935133
981086
573635
673652
577834
427733
490329
909858
449774
826538
483803
320531
673617
547513
724490
764233
901427
673003
652241
174961
962829
890166
822678
111402
651352
489371
853175
965217
823997
977055
554248
551721
204960
237824
686316
819074
947611
892948
557281
872290
878297
372698
209407
492163
280672
433549
450729
119008
545849
627303
300492
797925
937116
952000
881327
719947
979175
343128
576651
626388
387365
266013
647080
297938
329497
591198
181975
546641
180084
486926
812090
300392
642418
756659
744965
892199
776277
699310
933873
768645
987754
733970
187471
769393
429256
949294
435417
243117
639340
398381
797081
794090
957964
196785
574909
310573
368249
161445
268244
288743
259228
826767
262819
140729
769891
112206
601955
589109
328418
117015
969846
971615
579973
687534
202137
727536
272348
600416
461823
234875
365331
257648
744807
120677
379236
163370
874953
475691
362325
506892
166981
991583
997643
252756
734349
278696
895875
835139
570016
398166
820627
114763
698308
878239
395655
962872
172479
574119
460791
314226
267246
833053
500698
888153
958341
434972
330155
146816
870311
122928
685878
224820
934870
999098
188914
524260
125851
577986
375939
383414
184217
926982
888125
519933
497909
581334
250496
828906
152218
488152
295548
382119
222962
596221
953179
908559
814051
897154
634670
788560
163432
798146
932936
660089
250698
941534
714189
637784
470385
360059
186465
440012
123360
605489
240486
425368
434361
636250
888252
611632
395975
147689
666235
621459
903117
166331
589909
202006
799717
468049
836296
332318
638544
597707
479642
737456
925825
979906
814974
132002
794578
104524
194833
341269
865836
925951
724090
628690
664428
476716
981355
177378
533329
478337
354480
884760
805120
917484
516931
673975
158997
418285
486365
697083
952628
798635
667810
777121
997654
926726
156799
563425
575428
572998
529628
795180
405363
972969
406801
166991
293823
707895
790052
337442
456375
821726
553633
638094
521211
712451
527989
383853
477034
100427
690300
246173
121302
805182
442351
904337
629227
926221
894473
440330
744323
380608
295365
598000
404439
608232
662424
943667
959086
569777
346775
286108
513262
557230
535200
677613
817585
788488
316604
230567
255070
301160
998448
654785
936910
957958
793440
167085
851764
623745
758938
156826
673835
911842
265876
595056
757921
463249
479046
416676
991973
364966
314422
582655
368494
145542
298053
505098
737249
699244
444639
522294
204390
770115
664913
969755
348127
484717
973001
679521
738055
658536
927514
806254
242168
351471
654576
544027
377847
313997
503747
748483
109127
694840
715190
486698
167075
829065
445553
643681
280739
285864
981618
642869
696715
490995
572232
185655
256556
378492
618998
879627
228055
536424
999350
146395
288701
779325
654348
388171
457044
429978
524730
264630
486842
548273
104724
711866
139018
615465
123105
942459
837206
129141
342923
590040
142735
324969
301588
814795
430822
543525
744360
173277
793842
497530
639530
279622
761252
446686
751166
770691
690572
366593
558037
640686
549488
963873
988822
131602
714599
851206
214693
733478
441951
489225
364399
125630
736512
147613
647082
269706
175669
490356
718687
108833
988985
177394
521883
659535
792613
337686
627487
959585
899506
395471
451138
208580
268313
717398
404223
984891
794906
109252
255431
456644
894006
511111
910745
384784
554812
810628
596241
672042
491859
762785
648584
390622
449284
527925
457327
805503
475290
609238
182511
982249
260071
117307
977373
202669
728450
285451
556454
371226
825445
917238
726719
841770
672914
865846
439408
328781
510624
404407
785364
612659
750497
296126
129989
626755
567767
875272
751958
142955
104108
413704
878337
761099
642422
685004
122834
388324
620056
459833
188523
707010
257773
411783
515384
764686
705842
866666
397412
354548
171508
396799
150105
631075
703792
507586
818539
826994
528331
808051
208484
985138
205217
317390
770430
319910
246484
626753
285826
294093
996709
917561
194543
596514
938371
476055
586222
144853
568969
635189
662947
646470
131515
956796
913599
451217
768344
904915
894537
117666
147012
708447
412591
491467
902810
594145
467368
281455
556164
474736
439506
182458
933359
994947
387413
686117
397265
909870
560988
132336
528429
744125
405025
468285
556798
155595
240306
581530
374245
517356
916177
274899
187988
895705
842672
344988
223847
905451
934862
522994
991913
782795
824608
769820
852213
819793
457061
842543
854434
481412
777941
642061
100038
494773
149321
901351
292622
664104
198554
281104
894565
178576
787750
398571
380237
434670
262674
434950
669846
513028
429788
855681
993867
303309
209419
770782
509903
876189
868459
228274
805349
257407
656671
539713
408403
272186
456698
255488
199959
312332
228036
520816
616401
851179
375632
747282
884474
595658
671952
749828
435857
692752
321738
839852
753601
128648
832260
206731
908131
696616
322928
275310
648863
928603
527556
404314
422478
810754
771084
626122
981962
489949
521627
147741
894932
669945
853450
440548
196374
107898
287129
392116
887267
110879
702107
688868
550439
699637
185148
626747
652818
798433
777340
869832
580821
381660
852018
634941
129224
318763
383689
394053
197436
110744
727346
958598
806923
770421
772720
959059
485101
406920
121767
145857
604961
745123
769299
863193
223156
331470
970256
279646
197800
715083
864543
460681
882177
842703
958710
231935
526663
416291
415836
896443
733451
818680
954265
111498
465154
212665
735726
763271
220302
299427
847825
341437
207170
940033
702934
466337
849262
727960
636677
430399
598098
471002
625106
507970
158960
935958
587856
525344
432412
466853
967875
166011
540322
969792
860465
985940
523345
598049
382651
462784
569419
265384
563240
713564
398421
531500
275440
227871
565672
281671
710029
572878
624635
470299
609982
357388
820420
360957
555284
556652
610661
253688
613959
892429
331016
906240
676655
595465
678143
200449
165467
579634
253971
347307
834019
670350
247490
863820
351072
879004
751578
614937
971004
113816
601643
892725
371267
507466
581986
528282
345960
817977
867482
378794
898806
488293
818896
904270
934429
313777
105089
554289
225029
584419
132827
231884
983324
999901
564003
558913
887576
851067
262431
959925
829964
370225
536372
724158
292978
201941
947587
495493
679658
222297
471515
444775
689011
920831
614105
608613
393909
151349
842484
741708
395842
534352
140999
443589
564048
551445
650412
159105
979588
806895
231791
391001
785048
397508
660235
652541
131414
660516
611276
249398
468557
250259
358127
733209
934795
179368
730869
608012
110701
278285
812573
270757
331816
127637
948392
483591
444453
846945
905572
176413
458211
546893
148024
681748
611121
386740
350109
906154
233925
591922
646324
235285
626672
395359
361335
776157
774231
262315
718936
388343
741605
891076
937732
863672
742153
251447
553233
138881
984008
703632
236020
181523
814954
149029
334311
459625
526651
473721
665166
971568
689422
940504
641740
600148
437156
360489
750895
469562
534936
431505
684062
902068
703716
980755
657539
208154
507916
281658
750284
358262
888477
973294
778707
104788
119767
756743
494938
441520
512686
465502
244584
838822
967400
848807
319288
552588
130882
183678
558140
945533
334848
697743
993830
561227
322957
718065
237421
443321
895411
414090
817876
253040
410632
189878
269375
183827
862661
604277
691793
818338
162523
356487
662885
836434
105059
590147
567047
715366
201920
963728
644110
340748
158571
381940
932011
246068
456475
209170
573604
775035
570770
703880
337400
539080
941505
605480
469047
312044
528454
988068
611977
684673
702392
280107
712948
276285
257349
794807
142148
518259
566278
162054
459735
299727
391863
809861
856694
645245
451944
378256
922672
263585
209517
318249
835584
115340
268274
411477
278934
114558
501688
204966
884816
296349
467833
418723
732158
185640
217214
302498
253946
585405
366163
859477
812985
905214
145900
157062
514149
143803
877871
611325
838181
333341
373272
311360
907571
109130
288882
279930
962560
202592
140894
969986
692658
281764
755937
290567
277286
868438
412249
116118
896024
839651
994076
128421
218811
511350
108505
289325
210131
109429
191350
343197
424204
600529
924358
586008
688566
746655
750837
321973
698012
583301
408638
621600
941263
745481
696022
382735
530481
941365
246393
223604
463578
610800
280083
729495
306471
252454
437651
847373
225463
257330
616535
599537
787266
914123
759549
649352
363145
392362
352237
937020
780572
502260
466496
315105
717179
712924
735458
943043
626344
971834
471821
332926
374257
945633
510378
595754
932311
218351
660053
337439
681727
785064
490097
691565
982172
898274
967600
788399
886887
161338
448591
610671
251455
815682
176754
188740
979476
723737
997852
824592
283085
622769
765114
128252
769476
953854
278856
216847
721537
459237
945401
270049
782417
198386
668077
330193
778901
116597
261918
578079
358258
877298
677161
401208
675063
618329
664119
734313
445053
939467
921447
717836
237631
412699
600111
805176
308584
961186
870663
544035
242671
993976
365116
977489
436333
802102
494595
906814
633579
703869
486161
394619
456442
480511
298332
557612
534929
488455
536049
943026
999851
695722
419632
872735
941611
390168
699165
965364
756683
697851
999255
876614
652137
477798
321574
813680
297315
280504
142802
507991
990455
633679
576085
839984
979661
819967
108760
371593
535600
713389
246968
392349
220140
588728
628404
596754
614284
869896
746468
930956
496364
970418
874063
859720
384679
161955
876506
686648
862064
125779
780775
410799
994901
154737
325467
327164
820260
320583
694516
326033
748664
913488
845300
862320
551017
427912
862935
652088
190365
434146
112457
361630
917228
921474
715463
874312
483450
667564
193586
109810
505989
722410
862593
854497
595481
870673
824992
879428
650446
845081
111618
927540
981209
713373
812308
437181
656883
913559
720031
953415
517301
870937
121946
847261
288202
416818
576374
459894
451208
844305
396858
988232
347513
436910
800103
548481
413740
982705
685077
574064
136767
356542
604785
993363
168876
387742
878556
143753
163198
477831
671862
364776
142157
403087
852524
612215
894601
310253
505394
557453
763981
688827
662614
901093
688093
740123
743690
158991
182099
241327
476679
740408
637689
318803
513072
304540
289654
356519
396208
680377
862718
708292
909442
803610
358728
339061
528697
403725
252044
204460
875342
127973
622089
336403
700483
282660
990284
681858
106757
127041
437609
754384
199285
468934
250814
272334
369891
356290
831141
272428
630902
488687
391741
472308
118725
531437
532623
106148
138065
746290
110416
828870
669271
897534
285957
285638
187587
916259
955439
226141
368417
439166
935669
187904
682802
630138
764293
218866
879010
207928
820546
762493
863617
765200
474030
635436
983057
413139
332645
336021
203567
112586
737931
507399
571999
917179
467038
642637
403680
767672
506199
221905
249257
283224
475624
408195
186280
411441
630322
440325
929854
698018
562945
823960
340214
201134
630424
494925
879416
273229
985966
908610
643418
315479
263437
527773
573890
798398
193602
843424
302123
829943
242657
724611
385025
933228
362036
939717
182914
980734
366502
489508
666114
382511
967263
685017
174444
857463
573239
590536
377627
109969
594698
706746
341111
302820
432118
409615
674715
627111
572397
757787
722016
679689
119728
208471
411061
817439
958524
602417
562202
456701
351893
155363
457767
736961
967916
851504
160509
713747
849825
343491
853131
997167
892048
391521
631581
554390
350456
500330
386955
210721
343907
832433
536944
826543
386130
841575
396832
567517
423120
407957
344998
730801
787360
822256
741622
884902
595895
180379
881603
632292
717819
925517
796190
904230
493202
173394
277938
175549
798188
395263
681596
856630
268579
561985
254205
169445
279884
652302
865364
528466
966592
629617
305844
555384
978506
366150
321649
780284
322262
525984
360901
213705
196941
561503
912903
224742
631553
195356
447354
264572
958214
976121
578157
595404
582007
963098
715303
999821
251606
720645
834403
835052
315672
438268
555665
985131
494738
301457
111031
267921
905351
436770
499844
990591
151463
607110
381691
177870
348442
639181
593105
720305
300379
895583
887212
157459
938668
493451
627324
217238
953294
121669
307679
620203
620365
180984
415978
705505
510534
924032
561140
676020
305129
444097
274183
868997
136612
450259
892434
518357
948650
170613
617734
490175
262031
638817
741021
545618
869504
902144
697867
113111
512858
370003
463520
132444
143085
271904
825320
907730
487332
882090
893606
321388
859734
617275
155672
797576
235842
560099
150188
397002
957452
634319
565139
424498
502514
191132
964866
454154
226250
111464
625290
533999
813642
143525
277520
575418
870701
790854
942802
500585
945315
119858
295500
915924
762020
925016
383919
415337
574658
961359
774772
227293
891146
514508
502539
703521
368995
928262
927418
658124
580551
237592
966680
223019
535007
483133
147917
650453
698038
241428
638271
111754
279544
100222
195709
872251
546826
126666
657848
471269
310916
140090
773391
721902
614599
350117
881774
923457
541501
238629
144388
710091
344786
922981
785171
523246
849902
300156
929382
553308
450749
471502
266649
559149
558442
761947
615350
573219
107978
853989
528906
880311
319302
421901
199856
809430
453016
479006
890716
120284
138296
466858
638485
888161
619902
274681
622638
497787
634615
340566
477798
533108
406295
293059
971904
288633
147891
183153
363191
893882
409687
953185
622094
172533
724255
794286
962993
893218
302790
883145
488612
318143
659029
438433
238844
756000
621107
548616
303419
891110
173722
895637
338872
784771
595071
282056
615290
192865
638389
987968
405518
989289
639348
288871
546339
925368
488234
342651
676262
255165
351093
177811
358111
245128
413007
364838
811953
671246
950056
639045
847241
209471
635851
632929
722473
397401
564858
994932
870542
940514
220091
866671
729127
504291
550195
449585
329776
566443
522278
876684
494125
898939
448321
859380
646417
520086
667213
786735
381055
829988
291272
337363
389062
486640
392848
414903
580876
338334
902162
936060
878275
998337
193082
175055
960636
508453
209494
780482
768459
756810
997258
352191
639619
284749
150424
982859
769067
157266
248412
855625
517356
656231
971041
484955
130652
891001
415136
196785
120767
904846
890823
797068
159438
797960
642330
277738
131519
906919
381870
783081
943529
888208
447650
802800
607252
683264
446036
888687
503080
898081
677714
250572
123263
554065
607460
170332
963770
464589
463786
500767
206680
848298
539344
944940
928860
799116
172344
569406
469785
825309
119814
892092
962938
781500
396771
832446
189842
523206
163300
687822
684387
243510
653513
451351
647648
732238
265039
684105
563036
798426
660625
593948
209994
932378
426242
174497
721883
933720
530827
234011
563133
944258
446015
229013
489278
190591
796924
800552
501895
775928
623567
470633
575918
375137
796224
176065
421544
504298
419736
710112
285282
336277
360699
343371
994432
332109
714476
482517
757625
643533
465527
265791
204809
353170
768806
986648
278626
461076
552902
198330
403560
106400
363506
166157
618391
697273
183958
554247
812920
768826
220503
212631
123019
464657
288379
890135
202033
199818
514327
857445
316248
394398
900413
732442
213501
918127
965831
991430
925238
141078
964986
618850
648581
312258
468784
736832
742501
442856
321521
978444
453105
871074
968383
285418
749318
422947
746919
268060
504239
689696
658929
953722
833035
764699
164609
320748
585508
991210
764469
915187
841378
369604
117489
157827
531721
672456
530720
878053
362306
554797
625978
614478
400197
891015
357099
166902
804770
279298
146958
430118
980593
199856
392207
310784
461340
508921
525599
489516
680146
762698
356911
501504
227738
164721
910514
396272
579319
973901
867618
117414
441169
583046
368639
556379
779084
353275
481810
941215
257297
339510
785884
402631
840289
983295
368928
256936
208343
119919
112885
811511
791852
264706
195100
489537
548716
665892
950323
711566
306900
236050
233189
804020
562123
427047
379919
221466
514251
834932
103065
980114
113029
715975
774469
253014
421550
446642
730482
793661
455691
489799
753954
139052
214368
116015
552631
428858
775687
430727
990103
213229
261902
176752
329778
607109
774743
385342
820108
831983
897036
446572
227117
722342
745265
440550
375638
905504
202656
264441
309808
579951
481132
865048
878449
897039
159986
710625
490325
618076
173169
476989
597753
167987
463716
357875
604854
839371
233253
433499
966651
786372
563254
910200
207313
334310
131169
704922
755031
475286
678008
790964
475740
239933
641891
776179
995643
918349
647565
334802
362625
801202
835016
474875
498365
185128
410253
195941
119232
569202
374229
272021
209513
373603
913269
760823
550367
604976
493941
600876
709103
849754
399223
530922
969423
790141
219911
131741
419738
784020
737953
339449
904903
900403
335311
149200
542353
301794
757363
737365
564282
251743
723449
815770
513196
718317
566859
480993
683255
904374
613955
689008
543539
590227
390767
759569
486983
506348
575071
163813
647600
556768
895579
699458
605821
876699
703933
622023
633697
170940
189474
668009
997864
578812
636837
555383
344286
621940
752119
362190
853381
612142
249040
256311
304210
907050
550946
751107
383733
305124
775430
104341
702347
480298
317240
416215
137571
890447
427990
326607
651354
194616
356212
178171
268207
450835
344779
650237
113515
584872
429324
648631
152906
319362
672487
739490
498538
448863
831117
934168
355590
198249
202778
794114
900508
363639
469962
202116
736624
223006
540688
532559
315272
437165
201387
276208
880823
694519
633643
962483
576326
978649
863677
870749
635530
598551
156916
238788
682849
556537
618245
858824
903062
321215
703227
539826
411769
838731
127386
429533
107913
226589
540843
308202
248953
312420
616484
246185
663381
698762
620547
951566
155378
939831
766554
668331
526924
428837
470182
881282
533060
917676
552135
604412
765352
170775
930832
125517
156138
985777
497647
783509
601409
491849
139814
933267
612473
954916
592308
663714
345667
674016
175484
836411
750648
916746
529061
394015
583643
231656
633691
609893
152534
530307
560839
363690
539144
214403
352153
253651
349985
793804
523833
549865
890373
268500
439028
794345
484310
569889
242893
916125
101178
636890
313820
739538
380427
408210
163744
800541
831676
909192
969998
741550
436565
177097
492813
925740
591075
585861
305568
603415
463122
449859
449275
954787
221061
309371
824869
498057
793884
993745
509633
128550
542885
247067
921610
985038
536220
792705
269088
709935
425068
163794
481426
381691
437552
355347
342179
234769
370557
950036
707620
746955
843406
209400
742201
134430
267995
563733
854579
189887
892505
671168
226967
508760
726258
255733
429156
146568
268669
332187
624428
759221
328388
218446
699357
511572
213584
182881
258542
856136
662224
709315
438285
980914
697919
988270
339138
747360
610840
436624
417881
689133
829760
182756
499239
824523
439131
300766
291114
796944
166685
148190
443638
870304
775950
700607
761180
516797
919926
347154
385955
412260
356662
566730
759610
906606
360561
503181
419244
432575
114545
252559
715230
527524
852691
356417
391761
227854
856328
489622
442715
658094
905282
773124
577678
522077
818520
478592
218294
618092
354034
105164
484213
528835
390708
435863
371837
132810
105736
132452
471039
860046
308946
405630
573823
294161
774451
823101
711498
894074
187802
491374
224444
543850
145987
917031
983108
496077
159102
374751
643205
531800
211142
734797
609065
122078
953467
575916
717171
776641
816806
669826
973575
511385
907626
888779
314200
594091
829230
775255
528558
365820
472310
285791
745053
294896
869974
274105
384450
162130
248105
213151
553461
416620
728841
198780
998227
670092
966234
597663
326844
158303
366207
420387
446113
350499
356461
588817
572466
360480
394338
735021
906418
118751
121063
130903
867626
412141
627670
954197
449707
497200
645889
368044
599488
454123
796468
664899
134104
711852
393808
226293
969920
729198
218040
957521
965300
263579
900081
686234
500072
949990
708187
489167
552453
133341
817296
913470
569128
229381
339191
731695
175504
277541
966741
396455
640848
677177
283897
832644
329666
804359
765830
766705
871996
685929
202246
372803
347689
892781
821341
761451
937519
291694
906367
516080
247379
349644
357549
625244
223981
426730
242715
671226
976091
356867
902032
823278
395418
792358
587852
855213
993390
210227
791260
304613
408681
707213
978976
803119
358406
612226
403791
494129
592509
187331
201990
780058
512119
763054
281233
110658
176336
129308
750270
138812
625970
795217
514910
862183
544196
129044
872686
693163
917498
839279
460478
431792
271953
524095
861608
397722
974491
451882
790269
787789
752101
506580
320151
950180
443314
333137
755140
584074
111474
429307
662200
189251
912009
579966
733223
724356
857026
204790
601880
217376
541576
127614
953826
358590
450268
328683
950508
466304
405329
768523
181426
682896
657674
689395
955417
298727
164647
481453
251436
241584
903532
923156
339709
602728
911721
305560
773478
624836
654042
694244
846919
586519
584609
915048
209774
309529
172151
649259
384287
321750
922395
720528
367030
995184
680698
137344
537613
482398
843459
987419
433800
272161
533063
566314
145888
325649
855586
493448
398766
324778
698785
261385
471826
566153
441889
302789
316783
614745
167168
300737
501467
937074
283115
585681
542189
163341
429754
421551
362103
133356
291701
259470
580415
195331
246412
455182
492549
708554
623084
843854
223194
465706
384211
718370
374310
341316
566904
850852
667673
715644
163246
154131
984777
301749
540552
890378
148945
247281
109549
438186
276843
534877
355952
873402
543118
636411
774968
712890
690577
360461
494849
517751
518058
901152
237905
588569
732362
330817
731802
669828
576966
219295
729074
456663
876480
575749
756396
646716
944595
608154
782974
740314
927091
278620
329613
611884
964702
935839
615299
704971
827526
931164
618450
961574
821379
875297
493946
449633
504133
145251
776346
131974
198235
971874
760259
728421
739966
833301
461611
842285
856339
815248
311425
502987
717539
383177
999478
180549
160697
369571
876867
465691
389330
529292
248503
873712
720114
674244
492827
305527
371456
201075
335894
975516
106295
803697
679005
964505
360844
874124
754730
462278
643325
891024
724401
354219
891170
845765
680560
652898
688710
432955
617866
776107
259883
159760
840470
413302
621485
686593
354707
605875
896315
692287
389059
580688
356764
852840
606900
601540
625856
349995
622783
506940
413467
322915
549324
162820
979366
236520
306396
108701
145815
472385
433296
735817
934507
862692
464620
874735
794088
148357
556424
840764
927002
105147
912686
188894
325303
947694
588414
747981
916773
552532
363119
812554
830703
693047
814180
399618
577267
335476
385057
823666
276360
218317
351627
359874
941042
836724
689171
391163
285357
861081
247709
284789
556234
597432
107397
193926
539183
843396
826406
964164
444156
831348
253263
519477
598063
875437
564930
783505
771546
507091
333706
369008
206793
654413
217535
691918
705672
867745
281665
758299
132745
312178
848237
415944
231348
619615
175491
988808
512043
388405
159036
289857
158645
101943
929656
737299
948657
924641
648640
786727
651589
341635
808641
574689
460375
986758
404497
773396
972375
750820
589429
933486
467333
371246
547141
247978
417036
395047
121466
712172
329577
608050
776613
225975
334576
146868
443009
664253
900434
739870
751326
122630
881389
917257
390355
135835
834335
891583
183397
249011
980488
722750
634224
623669
452580
543107
516619
579005
928122
583211
624576
683547
843837
419731
831587
330495
849564
232668
278741
824733
513212
782882
677161
731557
147833
636688
395883
983831
114667
251455
321879
151448
748294
606430
912181
226429
737689
941841
711739
615090
989036
182502
292167
842861
695225
841908
448620
779902
940807
844151
216770
824471
862078
609604
329588
685919
410569
622791
687866
412151
704126
377307
935125
906991
942649
152511
126205
176294
976413
442303
762631
793182
773912
299281
660527
626594
816681
123122
151882
701167
704603
410171
544252
934273
364382
905810
845832
142236
752328
357438
678474
533676
539205
248093
433022
598151
298657
475566
647321
335029
410642
886050
399278
411993
160813
719647
655156
856620
672312
432132
482136
700811
511559
381762
857319
932380
329593
204084
807642
257804
640315
560278
526184
448536
428284
854538
625524
909873
454547
973709
941948
540876
905302
315977
374620
673138
861903
449100
462957
618120
242676
583992
546772
352030
621854
828443
461683
184854
805312
990652
367450
167751
992982
154038
540488
248084
589441
735035
734205
698895
322934
364713
582430
557856
501513
107331
138867
116453
504220
930213
141055
875913
613434
354201
287050
936339
259796
159506
169993
399815
143098
963027
803787
606937
736736
591540
827036
738627
179594
102563
260470
999887
619423
275746
370487
412740
277696
152609
865524
370958
628493
802936
823891
278369
371316
707003
648700
206467
606454
672122
932304
744266
398443
929713
566495
809288
120321
144338
118530
557656
850616
778049
934511
657686
331132
434801
641405
242297
234365
903838
659677
246725
814494
541513
868835
592095
864056
797358
312419
270483
688446
274143
308039
594930
174524
462162
424469
115355
743348
611356
487553
293432
114495
638208
284245
472440
493039
726083
862704
611864
108525
746261
463475
437180
772113
982450
691109
486084
646839
917244
905320
817863
683686
209970
839058
948642
909285
483781
958686
331867
182934
245500
922918
893088
859828
649788
146981
998882
647679
935536
860320
851293
415792
768636
931173
735745
652179
669630
803474
777857
620259
980998
652874
535087
655274
499718
138063
580503
680449
377967
783694
623764
700782
775004
345123
642942
243019
921065
384643
195844
133871
128824
552587
531114
879912
159964
302722
156205
896071
750090
415417
400260
723999
818213
395278
897913
399158
107601
513545
262604
584214
418398
349112
639471
712407
154517
954679
776045
420557
956782
509257
108594
297525
373764
436609
443417
814034
236785
507743
742315
715347
576821
952099
515793
380085
354108
280399
304247
753002
265993
292373
537028
361301
533525
635376
444043
961183
278556
377766
573095
443297
674016
955652
149389
106806
908857
295878
335656
693078
554902
623817
963587
596106
403895
561037
758727
783448
643237
686667
131429
193502
288467
496067
401127
158972
679421
696710
836141
177017
252913
985518
618801
599238
725894
535403
753173
881908
106591
370190
246423
225522
981122
717480
730658
384224
886768
888331
744443
101435
633873
335666
496703
583015
465812
679363
729133
735407
886325
650885
367472
292800
151849
103106
895054
620216
151705
552439
181123
172746
426573
267507
756114
192554
984238
744947
734489
952499
964889
595666
156718
638741
920924
544110
324840
197306
224898
942256
641246
381234
992214
679959
541306
912619
785968
941194
459832
919929
187188
881284
456877
685443
885820
239017
410365
777556
950501
405600
917262
472044
731362
993691
884532
763947
237910
104720
406056
752405
735010
365197
974119
996976
210184
532191
151460
115092
656836
680209
707584
431086
840755
170918
443110
944883
431809
931574
686814
530299
808507
632258
440039
293910
867552
166341
930829
664912
215035
674453
529141
483137
126799
575982
275861
609853
312829
902670
703218
501262
928931
110494
847090
992481
514393
966060
134132
209500
176343
782729
727634
395224
691244
471501
690888
345261
604006
319645
787955
174848
736082
641434
608380
965648
155516
154511
737368
300255
223846
283146
851923
785526
111078
714516
982370
872058
440304
167658
467938
319836
271814
741136
808901
711828
984632
225618
577641
588496
418925
600829
732963
914378
719419
796009
409230
815877
911642
954373
478097
590028
131719
193085
458809
771657
430726
958087
214968
698863
486045
866844
662947
676960
889043
677419
873289
117729
421516
832173
984859
234065
593888
500699
640926
561939
119727
429201
756938
160260
658963
101128
251575
748850
711879
116317
365921
750818
215141
673637
820695
482915
293455
702816
466417
965920
770795
767973
614060
497355
707264
631463
125665
406598
658117
602204
587959
757989
260315
154288
145066
498445
147458
220691
813609
454487
787844
877575
187773
616863
268950
208446
438415
149142
388774
571352
959470
952461
588342
893172
840458
905828
995768
747037
180153
592477
573188
330691
133132
844005
142235
472776
741530
732452
514161
857755
671917
581556
936636
938646
634401
376359
509033
878197
362780
277520
138834
345236
578064
383062
573738
828362
190801
245893
151303
790731
987355
191830
179948
810271
911801
720739
498618
476168
776203
254528
931638
344545
793131
363069
296863
328909
569437
653621
984965
717795
175819
123915
925807
609205
601047
539567
537508
118134
107828
837910
130037
903962
894826
709400
139317
381911
693578
489822
552806
876285
459601
751727
991005
224290
691120
865361
303599
172933
184310
490603
457956
326215
663540
688140
921013
460168
283809
660166
638532
739197
464665
711268
527779
286186
319320
768857
785728
750991
637425
301645
428782
640130
866157
911686
958140
915678
539051
839860
423499
477408
390220
332871
407538
198781
730392
333094
631298
273891
749796
668247
547266
153710
416251
584471
277278
636075
851661
448252
342055
143391
682479
116318
604285
850979
312438
456395
189027
138333
346614
651220
528368
669617
163717
972060
707331
